-0.37359800 0.10458100
-0.49401463 1.09709189
-0.54355389 2.09565280
-0.52196499 3.09520868
-0.44244702 4.09172244
-0.40915022 5.09116790
-0.37482642 6.09057862
-0.33947565 7.08995354
-0.30309795 8.08929161
-0.17723109 9.08020017
-0.03572406 10.07013252
0.09510125 11.06153307
0.21522963 12.05428656
0.33520995 13.04704645
0.45644297 14.03966992
0.57388312 15.03274927
0.68752871 16.02627001
0.80064777 17.01984637
0.93112867 18.01128012
1.08156414 18.99988283
1.09828421 19.99505700
0.87762440 20.96843479
0.40032906 21.84070792
-0.17831477 22.65622242
-0.78586000 23.45043988
-1.39945163 24.24002635
-2.03315246 25.01356549
-2.68745707 25.76975662
-3.36189075 26.50805110
-4.07528660 27.20871084
-4.76329980 27.93433085
-5.42407975 28.68483497
-6.15553603 29.36259864
-6.88909048 30.04207141
-7.58723067 30.75788259
-8.24815875 31.50818882
-8.84209692 32.31228337
-9.42754596 33.12299250
-10.01401123 33.93296679
-10.60149182 34.74220497
-11.18911523 35.55132516
-11.73863889 36.38669739
-12.24909316 37.24649937
-12.71878898 38.12920433
-13.31787783 38.92262711
-14.24615270 39.19365406
-15.23568033 39.08585120
-15.98771341 38.43809818
-16.54106299 37.60770493
-17.06022752 36.75371813
-17.47455569 35.84423617
-17.77821088 34.89207086
-17.99217419 33.91529924
-18.20479309 32.93816530
-18.42272332 31.96220221
-18.64595843 30.98743885
-18.89972708 30.02043144
-19.15763237 29.05427348
-19.39922666 28.08390831
-19.62444140 27.10961130
-19.83664347 26.13239461
-20.04522379 25.15439738
-20.24037771 24.17363273
-20.42206854 23.19028499
-20.59026215 22.20453895
-20.74492692 21.21657987
-20.88603379 20.22659341
-21.00822505 19.23409477
-21.13105080 18.24166671
-21.25595180 17.24949768
-21.38292751 16.25759204
-21.49587163 15.26461063
-21.38703029 14.27361282
-21.01745802 13.34768656
-20.41400665 12.55410635
-19.63741413 11.92568122
-18.83716800 11.32601682
-18.03082627 10.73457427
-17.21847342 10.15141552
-16.40019456 9.57660167
-15.57762758 9.00794582
-14.75905975 8.43353614
-13.94143028 7.85779155
-13.12474136 7.28071358
-12.30899515 6.70230377
-11.49419383 6.12256366
-10.68033957 5.54149480
-9.86743454 4.95909873
-9.04389334 4.39223416
-8.20803694 3.84328602
-7.37248177 3.29387949
-6.53722807 2.74401475
-5.70227610 2.19369195
-4.86762611 1.64291126
-4.03742672 1.08563001
-3.21487919 0.51697404
-2.30750000 -0.07803900