-0.03000830 -0.41268000
-0.15173902 0.57987375
-0.25859252 1.57413913
-0.35054482 2.56989315
-0.42757531 3.56691252
-0.49274895 4.56477860
-0.52246646 5.56419492
-0.49382949 6.56364278
-0.41570724 7.56043693
-0.35106712 8.55832364
-0.26357703 9.55446706
-0.15328294 10.54834404
-0.02219353 11.53967119
0.08004935 12.53442884
0.18883179 13.52849261
0.30414909 14.52181951
0.43397094 15.51318672
0.58392794 16.50183874
0.70316674 17.49466400
0.79157276 18.49070832
0.69246000 19.47447163
0.46527976 20.44832120
0.21136433 21.41426477
-0.27379912 22.28490083
-0.90469445 23.06004101
-1.52962753 23.84070457
-2.16745841 24.61086605
-2.81801062 25.37031241
-3.48825238 26.11240151
-4.15611189 26.85668430
-4.81721767 27.60697247
-5.47151573 28.36320474
-6.13945099 29.10684770
-6.82520580 29.83467021
-7.50121903 30.57154970
-8.16737107 31.31735578
-8.82354406 32.07195651
-9.48968010 32.81767601
-10.12265496 33.59174045
-10.72034771 34.39336151
-11.28156025 35.22093230
-11.86856814 36.03034957
-12.45878596 36.83759356
-13.04825750 37.64538266
-13.79265150 38.29796134
-14.75499652 38.54503367
-15.74045813 38.42188485
-16.51506348 37.85723735
-16.87065754 36.92286953
-17.15216132 35.96357501
-17.41841074 35.00360111
-17.78403345 34.07298371
-18.09598842 33.12302961
-18.35326023 32.15683091
-18.57308007 31.18158695
-18.81821359 30.21211559
-19.04347064 29.23783411
-19.24875701 28.25914997
-19.43789450 27.27724384
-19.63832494 26.29755178
-19.81978932 25.31417009
-19.98221991 24.32746588
-20.12555604 23.33780753
-20.28761762 22.35109178
-20.44282309 21.36321533
-20.58646945 20.37359200
-20.72338372 19.38304991
-20.87610788 18.39478222
-21.02363386 17.40572520
-21.16595758 16.41590620
-21.29887566 15.42485479
-21.22474251 14.43177464
-20.84562110 13.51092130
-20.19446820 12.75881646
-19.41567307 12.13156716
-18.62392958 11.52074330
-17.81958409 10.92661210
-17.00165512 10.35134259
-16.18648899 9.77212927
-15.37945403 9.18163925
-14.58070624 8.57998664
-13.79039999 7.96728775
-13.00868805 7.34366099
-12.23572151 6.70922690
-11.43551921 6.11198223
-10.60310643 5.55782631
-9.76991011 5.00484916
-8.93593192 4.45305189
-8.10117355 3.90243561
-7.26698826 3.35100575
-6.45042965 2.77375145
-5.64008496 2.18780609
-4.83604667 1.59323656
-4.03257407 0.99816294
-3.20053294 0.44349046
-2.35569126 -0.09148294
-1.49851534 -0.60646202
-1.30603000 -0.71837400