0.0000 0.0000
0.5000 0.0000
1.0000 0.0000
1.5000 0.0000
2.0000 0.0000
2.5000 0.0000
3.0000 0.0000
3.5000 0.0000
4.0000 0.0000
4.5000 0.0000
5.0000 0.0000
5.5000 0.0000
6.0000 0.0000
6.5000 0.0000
7.0000 0.0000
7.5000 0.0000
8.0000 0.0000
8.5000 0.0000
9.0000 0.0000
9.5000 0.0000
10.0000 0.0000
10.5000 0.0000
11.0000 0.0000
11.5000 0.0000
12.0000 0.0000
12.5000 0.0000
13.0000 0.0000
13.5000 0.0000
14.0000 0.0000
14.5000 0.0000
15.0000 0.0000
15.5128 -0.0044
16.0254 -0.0175
16.5378 -0.0394
17.0497 -0.0701
17.5610 -0.1095
18.0715 -0.1577
18.5812 -0.2145
19.0898 -0.2801
19.5972 -0.3543
20.1033 -0.4372
20.6078 -0.5288
21.1108 -0.6290
21.6119 -0.7377
22.1112 -0.8550
22.6083 -0.9808
23.1032 -1.1151
23.5958 -1.2578
24.0858 -1.4089
24.5732 -1.5684
25.0578 -1.7362
25.5394 -1.9123
26.0180 -2.0965
26.4933 -2.2889
26.9653 -2.4894
27.4338 -2.6980
27.8987 -2.9145
28.3598 -3.1389
28.8170 -3.3712
29.2701 -3.6113
29.7191 -3.8591
30.1638 -4.1145
30.6040 -4.3775
31.0397 -4.6479
31.4707 -4.9258
31.8969 -5.2110
32.3182 -5.5035
32.7344 -5.8031
33.1454 -6.1097
33.5511 -6.4234
33.9467 -6.7292
34.3422 -7.0350
34.7378 -7.3408
35.1334 -7.6466
35.5290 -7.9525
35.9245 -8.2583
36.3201 -8.5641
36.7157 -8.8699
37.1112 -9.1757
37.5068 -9.4815
37.9024 -9.7873
38.2980 -10.0932
38.6935 -10.3990
39.0891 -10.7048
39.4847 -11.0106
39.8802 -11.3164
40.2758 -11.6222
40.6714 -11.9281
41.0670 -12.2339
41.4625 -12.5397
41.8581 -12.8455
42.2537 -13.1513
42.6492 -13.4571
43.0448 -13.7629
43.4404 -14.0688
43.8360 -14.3746
44.2315 -14.6804
44.6271 -14.9862
45.0227 -15.2920
45.4182 -15.5978
45.8138 -15.9037
46.2094 -16.2095
46.6050 -16.5153
47.0005 -16.8211
47.3961 -17.1269
47.7917 -17.4327
48.1873 -17.7385
48.5828 -18.0444
48.9784 -18.3502
